3 3 3 3 3 3 3 3 3 3 3 3 3 3 3 3 3 3 3 3 3 3 3 3 3 3 3 3 3 3 3 3 3
3 0 1 0 1 0 1 0 1 0 3 3 3 3 3 3 3 3 3 0 1 0 1 0 1 0 1 0 1 0 3 3 3
3 1 0 1 0 1 0 1 0 1 3 3 3 3 3 3 3 3 3 1 0 1 0 1 0 1 0 1 0 1 3 3 3
3 0 1 6 1 0 5 0 1 0 3 3 3 3 3 3 3 3 3 0 1 7 1 0 5 0 1 0 1 0 3 3 3
3 1 0 1 0 1 0 1 0 1 3 3 3 3 3 3 3 3 3 1 0 1 0 1 0 1 0 1 0 1 3 3 3
3 0 1 0 1 0 1 0 1 0 3 3 3 3 3 3 3 3 3 0 1 0 1 0 1 0 1 0 1 0 3 3 3
3 3 3 3 3 3 3 1 0 1 3 3 3 3 3 3 3 3 3 1 0 1 3 3 3 3 3 3 3 3 3 3 3
3 3 3 3 3 3 3 0 1 0 3 3 3 3 3 3 3 3 3 0 1 0 3 3 3 3 3 3 3 3 3 3 3
3 3 3 3 3 3 3 1 0 1 0 1 0 1 0 1 0 1 0 1 0 1 3 3 3 3 3 3 3 3 3 3 3
3 3 3 3 3 3 3 3 3 3 8 0 F 0 1 0 G 0 1 0 3 3 3 3 3 3 3 3 3 3 3 3 3
3 3 3 3 3 3 3 3 3 3 C 1 0 1 0 1 0 1 0 9 3 3 3 3 3 3 3 3 3 3 3 3 3
3 3 3 3 3 3 3 3 3 3 8 1 0 1 0 5 0 1 0 B 3 3 3 3 3 3 3 3 3 3 3 3 3
3 3 3 3 3 3 3 3 3 3 C 1 0 1 0 1 0 1 0 9 3 3 3 3 3 3 3 3 3 3 3 3 3
3 3 3 3 3 3 3 3 3 3 8 0 5 0 1 0 1 0 5 0 1 0 1 3 3 3 3 3 3 3 3 3 3
3 3 3 3 3 3 3 3 3 3 3 3 3 3 3 3 3 1 0 1 0 1 0 3 3 3 3 3 3 3 3 3 3
3 3 3 3 3 3 3 3 3 3 3 3 3 3 3 3 3 3 3 C H 0 1 3 3 3 3 3 3 3 3 3 3
3 3 3 3 3 3 3 3 3 3 3 3 3 3 3 3 3 3 3 1 0 1 0 4 4 4 3 3 3 3 3 3 3
3 3 3 3 3 3 3 3 3 3 3 3 3 3 3 3 3 3 3 0 1 0 1 4 4 4 3 3 3 3 3 3 3
3 3 3 3 3 3 3 3 3 3 3 3 3 3 3 3 3 3 3 C 0 1 0 4 4 4 3 3 3 3 3 3 3
3 3 3 3 3 3 3 3 3 3 3 3 3 3 3 3 3 3 3 3 3 3 0 1 0 1 0 1 0 1 0 3 3
3 3 3 3 3 3 3 3 3 3 3 3 3 3 3 3 3 3 3 3 3 3 1 0 C1 0 1 0 1 0 1 3 3
3 3 3 3 3 3 3 3 3 3 3 3 3 3 3 3 3 3 3 3 3 3 P1 1 0 5 0 5 0 5 C 3 3
3 3 3 3 3 3 3 3 3 3 3 3 3 3 3 3 3 3 3 3 3 3 1 0 1 0 1 0 P1 2 2 3 3
3 3 3 3 3 3 3 3 3 3 3 3 3 3 3 3 3 3 3 3 3 3 3 C 1 0 1 0 1 2 2 3 3
3 3 3 3 3 3 3 3 3 3 3 3 3 3 3 3 3 3 3 3 3 3 3 3 3 3 3 3 3 3 3 3 3
