3 3 3 3 3 3 3 3 3 3 3 3 3 3 3 3 3 3 3 3 3 3 3 3 3 3 3 3 3 3 3 3 3
3 3 3 3 3 3 3 3 3 3 3 3 3 3 3 3 3 3 3 3 3 3 3 3 3 3 3 3 3 3 3 3 3
3 3 3 3 3 3 3 3 3 3 3 3 3 3 3 3 3 3 3 3 3 3 3 3 3 3 3 3 3 3 3 3 3
3 3 3 3 3 3 3 3 3 3 3 3 3 3 3 3 3 3 3 3 3 3 3 3 3 3 3 3 3 3 3 3 3
3 3 3 3 3 3 3 3 3 3 3 3 3 3 3 3 3 3 3 3 3 3 3 3 3 3 3 3 3 3 3 3 3
3 3 3 3 3 3 3 3 3 3 3 3 3 3 3 3 3 3 3 3 3 3 3 3 3 3 3 3 3 3 3 3 3
3 3 3 3 3 3 3 3 3 3 3 3 3 3 3 3 3 3 3 3 3 3 3 3 3 3 3 3 3 3 3 3 3
3 3 3 3 3 3 3 3 3 3 3 3 3 3 3 3 3 3 3 3 3 3 3 3 3 3 3 3 3 3 3 3 3
3 3 3 3 4 4 4 4 4 3 3 3 3 3 3 3 3 3 3 3 3 3 1 0 1 2 2 2 2 3 3 3 3
3 3 3 3 4 4 4 4 4 3 3 3 3 3 3 3 3 3 3 3 3 3 0 1 0 2 2 2 2 3 3 3 3
3 3 3 3 4 4 4 4 4 3 0 1 0 1 0 1 0 1 0 1 0 1 0 9 3 2 2 2 2 3 3 3 3
3 3 3 3 4 4 4 4 4 3 8 0 1 0 1 0 1 0 1 0 1 0 1 0 3 2 2 2 2 3 3 3 3
3 3 3 3 4 4 6 4 4 3 0 1 0 1 0 1 5 1 0 1 0 1 0 9 3 2 2 7 2 3 3 3 3
3 3 3 3 4 4 4 4 4 3 8 0 1 0 1 0 1 0 1 0 1 0 1 0 3 2 2 2 2 3 3 3 3
3 3 3 3 4 4 4 4 4 3 0 1 0 1 0 1 0 1 0 1 0 1 0 9 3 2 2 2 2 3 3 3 3
3 3 3 3 4 4 4 4 4 1 0 1 3 3 3 3 3 3 3 3 3 3 3 3 3 2 2 2 2 3 3 3 3
3 3 3 3 4 4 4 4 4 0 1 0 3 3 3 3 3 3 3 3 3 3 3 3 3 2 2 2 2 3 3 3 3
3 3 3 3 3 3 3 3 3 3 3 3 3 3 3 3 3 3 3 3 3 3 3 3 3 3 3 3 3 3 3 3 3
3 3 3 3 3 3 3 3 3 3 3 3 3 3 3 3 3 3 3 3 3 3 3 3 3 3 3 3 3 3 3 3 3
3 3 3 3 3 3 3 3 3 3 3 3 3 3 3 3 3 3 3 3 3 3 3 3 3 3 3 3 3 3 3 3 3
3 3 3 3 3 3 3 3 3 3 3 3 3 3 3 3 3 3 3 3 3 3 3 3 3 3 3 3 3 3 3 3 3
3 3 3 3 3 3 3 3 3 3 3 3 3 3 3 3 3 3 3 3 3 3 3 3 3 3 3 3 3 3 3 3 3
3 3 3 3 3 3 3 3 3 3 3 3 3 3 3 3 3 3 3 3 3 3 3 3 3 3 3 3 3 3 3 3 3
3 3 3 3 3 3 3 3 3 3 3 3 3 3 3 3 3 3 3 3 3 3 3 3 3 3 3 3 3 3 3 3 3
3 3 3 3 3 3 3 3 3 3 3 3 3 3 3 3 3 3 3 3 3 3 3 3 3 3 3 3 3 3 3 3 3
