3 3 3 3 3 3 3 3 3 3 3 3 3 3 3 3 3 3 3 3 3 3 3 3 3 3 3 3 3 3 3 3 3
3 0 1 0 1 0 1 0 3 3 3 3 3 3 3 3 3 3 3 3 3 3 3 3 3 3 3 3 3 3 3 3 3
3 1 0 6 0 1 0 1 3 3 3 3 3 3 3 3 3 3 3 3 3 3 3 3 3 3 3 3 3 3 3 3 3
3 0 1 0 1 0 1 0 3 3 3 3 3 3 3 3 3 3 3 3 3 3 3 3 3 3 3 3 3 3 3 3 3
3 1 0 1 0 1 0 1 3 3 3 3 3 3 3 3 3 3 3 3 3 3 3 3 3 3 3 3 3 3 3 3 3
3 3 3 3 3 C 1 0 1 0 1 0 1 0 1 0 1 0 3 3 3 3 3 3 3 3 3 3 3 3 3 3 3
3 3 3 3 3 1 0 1 0 D 0 C1 0 1 0 1 0 1 3 3 3 3 3 3 3 3 3 3 3 3 3 3 3
3 3 3 3 3 C 1 0 1 P1 1 I 5 0 1 0 1 0 3 3 3 3 3 3 3 3 3 3 3 3 3 3 3
3 3 3 3 3 1 0 1 0 1 0 1 0 1 0 1 0 P1 3 3 3 3 3 3 3 3 3 3 3 3 3 3 3
3 3 3 3 3 3 3 3 3 3 3 3 3 3 3 1 0 3 3 3 3 3 3 3 3 3 3 3 3 3 3 3 3
3 3 3 3 3 3 3 3 3 3 3 3 3 3 3 0 1 3 3 3 3 3 3 3 3 3 3 3 3 3 3 3 3
3 3 3 3 3 3 3 3 3 3 3 3 3 3 3 1 0 1 0 1 0 1 0 1 0 C2 0 1 0 1 0 3 3
3 3 3 3 3 3 3 3 3 3 3 3 3 3 3 3 3 C F 0 G 0 H 0 1 0 1 0 1 0 1 3 3
3 3 3 3 3 3 3 3 3 3 3 3 3 3 3 3 3 1 0 1 0 1 0 1 0 1 I 1 0 1 0 3 3
3 3 3 3 3 3 3 3 3 3 3 3 3 3 3 3 3 C 1 0 1 0 1 0 1 0 1 0 1 0 P2 3 3
3 3 3 3 3 3 3 3 3 3 3 3 3 3 3 3 3 3 3 3 3 3 3 3 3 P2 1 0 1 3 3 3 3
3 3 3 3 3 3 3 3 3 3 3 3 3 3 3 3 3 3 3 3 3 3 3 3 3 H 0 1 0 3 3 3 3
3 3 3 3 3 3 3 3 3 3 3 3 3 3 3 3 3 3 3 3 3 3 3 3 3 H 1 0 1 3 3 3 3
3 3 3 3 3 3 3 3 3 3 3 3 3 3 3 3 3 3 3 3 4 4 4 4 4 4 0 1 J 3 3 3 3 3
3 3 3 3 3 3 3 3 3 3 3 3 3 3 3 3 3 3 3 3 4 4 4 4 4 4 1 0 1 3 3 3 3 3
3 3 3 3 3 3 3 3 3 3 3 3 3 3 3 3 3 3 3 3 3 3 3 C3 1 0 1 0 3 3 3 3 3 3
3 3 3 3 3 3 3 3 3 3 3 3 3 3 3 3 3 3 3 3 3 3 3 1 0 9 0 9 3 3 3 3 3 3
3 3 3 3 3 3 3 3 3 3 3 3 3 3 3 3 3 3 3 3 3 3 3 P3 5 0 5 P3 3 3 3 3 3 3
3 3 3 3 3 3 3 3 3 3 3 3 3 3 3 3 3 3 3 3 3 3 3 2 2 1 J 1 3 3 3 3 3 3
3 3 3 3 3 3 3 3 3 3 3 3 3 3 3 3 3 3 3 3 3 3 3 3 3 3 3 3 3 3 3 3 3 3
