3 3 3 3 3 3 3 3 3 3 3 3 3 3 3 3 3 3 3 3 3 3 3 3 3 3 3 3 3 3 3 3 3
3 0 1 0 1 0 1 0 3 3 3 3 3 3 3 3 3 3 3 3 3 3 3 3 3 0 1 0 1 0 1 0 3
3 1 0 6 0 1 0 1 3 3 3 3 3 3 3 3 3 3 3 3 3 3 3 3 3 1 0 7 0 1 0 1 3
3 0 1 0 1 0 1 0 3 3 3 3 3 3 3 3 3 3 3 3 3 3 3 3 3 0 1 0 1 0 1 0 3
3 1 0 1 0 1 0 1 3 3 3 3 3 3 3 3 3 3 3 3 3 3 3 3 3 1 0 1 0 1 0 1 3
3 3 3 3 3 C 1 0 E 0 E 0 1 0 C 0 C 0 1 0 1 0 1 0 C 0 1 3 3 3 3 3 3
3 3 3 3 3 1 0 1 0 D 0 1 0 1 0 1 0 1 0 E 0 1 0 1 0 1 C 3 3 3 3 3 3
3 3 3 3 3 C 1 0 1 0 1 0 5 0 1 0 1 0 5 0 1 0 1 0 1 0 1 3 3 3 3 3 3
3 3 3 3 3 1 0 1 0 1 0 1 0 1 0 1 0 1 0 1 C 1 0 1 0 1 C 3 3 3 3 3 3
3 3 3 3 3 3 3 3 3 3 3 3 3 3 3 1 0 1 3 3 3 3 3 3 3 3 3 3 3 3 3 3 3
3 3 3 3 3 3 3 3 3 3 3 3 3 3 3 0 1 0 3 3 3 3 3 3 3 3 3 3 3 3 3 3 3
3 3 3 3 3 3 3 3 3 3 3 3 3 1 E 1 P1 1 E 1 0 P1 0 P2 0 1 0 1 3 3 3 3 3
3 3 3 3 3 3 3 3 3 3 3 3 3 1 F 0 G 0 H 0 1 0 1 0 1 0 1 P2 3 3 3 3 3
3 3 3 3 3 3 3 3 3 3 3 3 3 1 0 1 0 1 0 1 0 C1 0 C2 0 1 0 1 3 3 3 3 3
3 3 3 3 3 3 3 3 3 3 3 3 3 P1 1 0 E 0 1 0 1 0 1 0 1 P2 1 P2 3 3 3 3 3
3 3 3 3 3 3 3 3 3 3 3 3 3 3 3 3 3 3 3 3 3 1 0 1 0 D 3 3 3 3 3 3 3
3 3 3 3 3 3 3 3 3 3 3 3 3 3 3 3 3 3 3 3 3 D 1 0 1 0 3 3 3 3 3 3 3
3 3 3 3 3 3 3 3 3 3 3 3 3 3 3 3 3 3 3 3 3 1 0 1 0 D 3 3 3 3 3 3 3
3 3 3 3 3 3 3 3 3 3 3 3 3 3 3 3 3 3 3 4 4 4 0 4 4 4 1 3 3 3 3 3 3
3 3 3 3 3 3 3 3 3 3 3 3 3 3 3 3 3 3 3 4 4 4 1 4 4 4 0 3 3 3 3 3 3
3 3 3 3 3 3 3 3 3 3 3 3 3 3 3 3 3 3 3 3 3 0 1 0 1 0 1 3 3 3 3 3 3
3 3 3 3 3 3 3 3 3 3 3 3 3 3 3 3 3 3 3 3 3 1 0 9 0 9 0 3 3 3 3 3 3
3 3 3 3 3 3 3 3 3 3 3 3 3 3 3 3 3 3 3 3 3 2 5 0 5 0 5 3 3 3 3 3 3
3 3 3 3 3 3 3 3 3 3 3 3 3 3 3 3 3 3 3 3 3 2 2 9 0 9 0 3 3 3 3 3 3
3 3 3 3 3 3 3 3 3 3 3 3 3 3 3 3 3 3 3 3 3 3 3 3 3 3 3 3 3 3 3 3 3
